2 0 0
3 0 0
0 1 0
3 1 0
0 2 0
1 2 0
1 3 0
2 3 0
2 4 0
3 4 0
0 5 0
3 5 0
0 6 0
1 6 0
1 7 0
2 7 0
2 8 0
3 8 0
0 9 0
3 9 0
0 10 0
1 10 0
1 11 0
2 11 0
2 12 0
3 12 0
0 13 0
3 13 0
0 14 0
1 14 0
1 15 0
2 15 0
2 16 0
3 16 0
0 17 0
3 17 0
0 18 0
1 18 0
1 19 0
2 19 0
2 20 0
3 20 0
0 21 0
3 21 0
0 22 0
1 22 0
1 23 0
2 23 0
2 24 0
3 24 0
0 25 0
3 25 0
0 26 0
1 26 0
1 27 0
2 27 0
2 28 0
3 28 0
0 29 0
3 29 0
0 30 0
1 30 0
1 31 0
2 31 0
2 32 0
3 32 0
0 33 0
3 33 0
0 34 0
1 34 0
1 35 0
2 35 0
2 36 0
3 36 0
0 37 0
3 37 0
0 38 0
1 38 0
1 39 0
2 39 0
2 40 0
3 40 0
0 41 0
3 41 0
0 42 0
1 42 0
1 43 0
2 43 0
2 44 0
3 44 0
0 45 0
3 45 0
0 46 0
1 46 0
1 47 0
2 47 0
2 48 0
3 48 0
0 49 0
3 49 0
0 50 0
1 50 0
1 51 0
2 51 0
2 52 0
3 52 0
0 53 0
3 53 0
0 54 0
1 54 0
1 55 0
2 55 0
2 56 0
3 56 0
0 57 0
3 57 0
0 58 0
1 58 0
1 59 0
2 59 0
2 60 0
3 60 0
0 61 0
3 61 0
0 62 0
1 62 0
1 63 0
2 63 0
2 64 0
3 64 0
0 65 0
3 65 0
0 66 0
1 66 0
1 67 0
2 67 0
2 68 0
3 68 0
0 69 0
3 69 0
0 70 0
1 70 0
1 71 0
2 71 0
2 72 0
3 72 0
0 73 0
3 73 0
0 74 0
1 74 0
1 75 0
2 75 0
2 76 0
3 76 0
0 77 0
3 77 0
0 78 0
1 78 0
1 79 0
2 79 0
2 80 0
3 80 0
0 81 0
3 81 0
0 82 0
1 82 0
1 83 0
2 83 0
2 84 0
3 84 0
0 85 0
3 85 0
0 86 0
1 86 0
1 87 0
2 87 0
2 88 0
3 88 0
0 89 0
3 89 0
0 90 0
1 90 0
1 91 0
2 91 0
2 92 0
3 92 0
0 93 0
3 93 0
0 94 0
1 94 0
1 95 0
2 95 0
2 96 0
3 96 0
0 97 0
3 97 0
0 98 0
1 98 0
1 99 0
2 99 0
2 100 0
3 100 0
0 101 0
3 101 0
0 102 0
1 102 0
1 103 0
2 103 0
2 104 0
3 104 0
0 105 0
3 105 0
0 106 0
1 106 0
1 107 0
2 107 0
2 108 0
3 108 0
0 109 0
3 109 0
0 110 0
1 110 0
1 111 0
2 111 0
2 112 0
3 112 0
0 113 0
3 113 0
0 114 0
1 114 0
1 115 0
2 115 0
2 116 0
3 116 0
0 117 0
3 117 0
0 118 0
1 118 0
1 119 0
2 119 0
2 120 0
3 120 0
0 121 0
3 121 0
0 122 0
1 122 0
1 123 0
2 123 0
2 124 0
3 124 0
